 ;PosX [m]:;54.5954;54.5968;54.5982;54.5996;54.6009;54.6023;54.6037;54.6051;54.6065;54.6079;54.6093;54.6107;54.6121;54.6135;54.6148;54.6148;54.6135;54.6121;54.6107;54.6093;54.6079;54.6065;54.6051;54.6037;54.6023;54.6009;54.5996;54.5982;54.5968;54.5954;54.5968;54.6009;54.6051;54.6093;54.6135;54.6176;54.6218;54.626;54.6301;54.6343;54.6384;54.6426;54.6468;54.651;54.6551;54.6551;54.651;54.6468;54.6426;54.6384;54.6343;54.6301;54.626;54.6218;54.6176;54.6135;54.6093;54.6051;54.6009;54.5968;54.5982;54.6051;54.6121;54.619;54.626;54.6329;54.6398;54.6468;54.6537;54.6607;54.6676;54.6746;54.6815;54.6885;54.6954;54.6954;54.6885;54.6815;54.6746;54.6676;54.6607;54.6537;54.6468;54.6398;54.6329;54.626;54.619;54.6121;54.6051;54.5982;54.5996;54.6093;54.619;54.6287;54.6384;54.6482;54.6579;54.6676;54.6773;54.6871;54.6968;54.7065;54.7162;54.7259;54.7357;54.7357;54.7259;54.7162;54.7065;54.6968;54.6871;54.6773;54.6676;54.6579;54.6482;54.6384;54.6287;54.619;54.6093;54.5996;54.6009;54.6135;54.626;54.6384;54.651;54.6634;54.676;54.6885;54.7009;54.7135;54.7259;54.7385;54.751;54.7634;54.776;54.776;54.7634;54.751;54.7385;54.7259;54.7135;54.7009;54.6885;54.676;54.6634;54.651;54.6384;54.626;54.6135;54.6009;54.6023;54.6176;54.6329;54.6482;54.6634;54.6787;54.694;54.7093;54.7246;54.7398;54.7551;54.7704;54.7857;54.801;54.8162;54.8162;54.801;54.7857;54.7704;54.7551;54.7398;54.7246;54.7093;54.694;54.6787;54.6634;54.6482;54.6329;54.6176;54.6023;54.6037;54.6218;54.6398;54.6579;54.676;54.694;54.7121;54.7301;54.7482;54.7662;54.7843;54.8023;54.8204;54.8385;54.8565;54.8565;54.8385;54.8204;54.8023;54.7843;54.7662;54.7482;54.7301;54.7121;54.694;54.676;54.6579;54.6398;54.6218;54.6037;54.6051;54.626;54.6468;54.6676;54.6885;54.7093;54.7301;54.751;54.7718;54.7926;54.8135;54.8343;54.8551;54.876;54.8968;54.8968;54.876;54.8551;54.8343;54.8135;54.7926;54.7718;54.751;54.7301;54.7093;54.6885;54.6676;54.6468;54.626;54.6051;54.6065;54.6301;54.6537;54.6773;54.7009;54.7246;54.7482;54.7718;54.7954;54.819;54.8426;54.8662;54.8898;54.9134;54.9371;54.9371;54.9134;54.8898;54.8662;54.8426;54.819;54.7954;54.7718;54.7482;54.7246;54.7009;54.6773;54.6537;54.6301;54.6065;54.6079;54.6343;54.6607;54.6871;54.7135;54.7398;54.7662;54.7926;54.819;54.8454;54.8718;54.8982;54.9246;54.9509;54.9773;54.9773;54.9509;54.9246;54.8982;54.8718;54.8454;54.819;54.7926;54.7662;54.7398;54.7135;54.6871;54.6607;54.6343;54.6079;54.6093;54.6384;54.6676;54.6968;54.7259;54.7551;54.7843;54.8135;54.8426;54.8718;54.901;54.9301;54.9593;54.9885;55.0176;55.0176;54.9885;54.9593;54.9301;54.901;54.8718;54.8426;54.8135;54.7843;54.7551;54.7259;54.6968;54.6676;54.6384;54.6093;54.6107;54.6426;54.6746;54.7065;54.7385;54.7704;54.8023;54.8343;54.8662;54.8982;54.9301;54.9621;54.994;55.026;55.0579;55.0579;55.026;54.994;54.9621;54.9301;54.8982;54.8662;54.8343;54.8023;54.7704;54.7385;54.7065;54.6746;54.6426;54.6107;54.6121;54.6468;54.6815;54.7162;54.751;54.7857;54.8204;54.8551;54.8898;54.9246;54.9593;54.994;55.0287;55.0635;55.0982;55.0982;55.0635;55.0287;54.994;54.9593;54.9246;54.8898;54.8551;54.8204;54.7857;54.751;54.7162;54.6815;54.6468;54.6121;54.6135;54.651;54.6885;54.7259;54.7634;54.801;54.8385;54.876;54.9134;54.9509;54.9885;55.026;55.0635;55.1009;55.1384;55.1384;55.1009;55.0635;55.026;54.9885;54.9509;54.9134;54.876;54.8385;54.801;54.7634;54.7259;54.6885;54.651;54.6135;54.6148;54.6551;54.6954;54.7357;54.776;54.8162;54.8565;54.8968;54.9371;54.9773;55.0176;55.0579;55.0982;55.1384;55.1787;55.1787;55.1384;55.0982;55.0579;55.0176;54.9773;54.9371;54.8968;54.8565;54.8162;54.776;54.7357;54.6954;54.6551;54.6148;54.6148;54.6551;54.6954;54.7357;54.776;54.8162;54.8565;54.8968;54.9371;54.9773;55.0176;55.0579;55.0982;55.1384;55.1787;55.1787;55.1384;55.0982;55.0579;55.0176;54.9773;54.9371;54.8968;54.8565;54.8162;54.776;54.7357;54.6954;54.6551;54.6148;54.6135;54.651;54.6885;54.7259;54.7634;54.801;54.8385;54.876;54.9134;54.9509;54.9885;55.026;55.0635;55.1009;55.1384;55.1384;55.1009;55.0635;55.026;54.9885;54.9509;54.9134;54.876;54.8385;54.801;54.7634;54.7259;54.6885;54.651;54.6135;54.6121;54.6468;54.6815;54.7162;54.751;54.7857;54.8204;54.8551;54.8898;54.9246;54.9593;54.994;55.0287;55.0635;55.0982;55.0982;55.0635;55.0287;54.994;54.9593;54.9246;54.8898;54.8551;54.8204;54.7857;54.751;54.7162;54.6815;54.6468;54.6121;54.6107;54.6426;54.6746;54.7065;54.7385;54.7704;54.8023;54.8343;54.8662;54.8982;54.9301;54.9621;54.994;55.026;55.0579;55.0579;55.026;54.994;54.9621;54.9301;54.8982;54.8662;54.8343;54.8023;54.7704;54.7385;54.7065;54.6746;54.6426;54.6107;54.6093;54.6384;54.6676;54.6968;54.7259;54.7551;54.7843;54.8135;54.8426;54.8718;54.901;54.9301;54.9593;54.9885;55.0176;55.0176;54.9885;54.9593;54.9301;54.901;54.8718;54.8426;54.8135;54.7843;54.7551;54.7259;54.6968;54.6676;54.6384;54.6093;54.6079;54.6343;54.6607;54.6871;54.7135;54.7398;54.7662;54.7926;54.819;54.8454;54.8718;54.8982;54.9246;54.9509;54.9773;54.9773;54.9509;54.9246;54.8982;54.8718;54.8454;54.819;54.7926;54.7662;54.7398;54.7135;54.6871;54.6607;54.6343;54.6079;54.6065;54.6301;54.6537;54.6773;54.7009;54.7246;54.7482;54.7718;54.7954;54.819;54.8426;54.8662;54.8898;54.9134;54.9371;54.9371;54.9134;54.8898;54.8662;54.8426;54.819;54.7954;54.7718;54.7482;54.7246;54.7009;54.6773;54.6537;54.6301;54.6065;54.6051;54.626;54.6468;54.6676;54.6885;54.7093;54.7301;54.751;54.7718;54.7926;54.8135;54.8343;54.8551;54.876;54.8968;54.8968;54.876;54.8551;54.8343;54.8135;54.7926;54.7718;54.751;54.7301;54.7093;54.6885;54.6676;54.6468;54.626;54.6051;54.6037;54.6218;54.6398;54.6579;54.676;54.694;54.7121;54.7301;54.7482;54.7662;54.7843;54.8023;54.8204;54.8385;54.8565;54.8565;54.8385;54.8204;54.8023;54.7843;54.7662;54.7482;54.7301;54.7121;54.694;54.676;54.6579;54.6398;54.6218;54.6037;54.6023;54.6176;54.6329;54.6482;54.6634;54.6787;54.694;54.7093;54.7246;54.7398;54.7551;54.7704;54.7857;54.801;54.8162;54.8162;54.801;54.7857;54.7704;54.7551;54.7398;54.7246;54.7093;54.694;54.6787;54.6634;54.6482;54.6329;54.6176;54.6023;54.6009;54.6135;54.626;54.6384;54.651;54.6634;54.676;54.6885;54.7009;54.7135;54.7259;54.7385;54.751;54.7634;54.776;54.776;54.7634;54.751;54.7385;54.7259;54.7135;54.7009;54.6885;54.676;54.6634;54.651;54.6384;54.626;54.6135;54.6009;54.5996;54.6093;54.619;54.6287;54.6384;54.6482;54.6579;54.6676;54.6773;54.6871;54.6968;54.7065;54.7162;54.7259;54.7357;54.7357;54.7259;54.7162;54.7065;54.6968;54.6871;54.6773;54.6676;54.6579;54.6482;54.6384;54.6287;54.619;54.6093;54.5996;54.5982;54.6051;54.6121;54.619;54.626;54.6329;54.6398;54.6468;54.6537;54.6607;54.6676;54.6746;54.6815;54.6885;54.6954;54.6954;54.6885;54.6815;54.6746;54.6676;54.6607;54.6537;54.6468;54.6398;54.6329;54.626;54.619;54.6121;54.6051;54.5982;54.5968;54.6009;54.6051;54.6093;54.6135;54.6176;54.6218;54.626;54.6301;54.6343;54.6384;54.6426;54.6468;54.651;54.6551;54.6551;54.651;54.6468;54.6426;54.6384;54.6343;54.6301;54.626;54.6218;54.6176;54.6135;54.6093;54.6051;54.6009;54.5968;54.5954;54.5968;54.5982;54.5996;54.6009;54.6023;54.6037;54.6051;54.6065;54.6079;54.6093;54.6107;54.6121;54.6135;54.6148;54.6148;54.6135;54.6121;54.6107;54.6093;54.6079;54.6065;54.6051;54.6037;54.6023;54.6009;54.5996;54.5982;54.5968;54.5954
 ;PosY [m]:;2.41667;2.25;2.08333;1.91667;1.75;1.58333;1.41667;1.25;1.08333;0.916667;0.75;0.583333;0.416667;0.25;0.083333;-0.083333;-0.25;-0.416667;-0.583333;-0.75;-0.916667;-1.08333;-1.25;-1.41667;-1.58333;-1.75;-1.91667;-2.08333;-2.25;-2.41667;2.41667;2.25;2.08333;1.91667;1.75;1.58333;1.41667;1.25;1.08333;0.916667;0.75;0.583333;0.416667;0.25;0.083333;-0.083333;-0.25;-0.416667;-0.583333;-0.75;-0.916667;-1.08333;-1.25;-1.41667;-1.58333;-1.75;-1.91667;-2.08333;-2.25;-2.41667;2.41667;2.25;2.08333;1.91667;1.75;1.58333;1.41667;1.25;1.08333;0.916667;0.75;0.583333;0.416667;0.25;0.083333;-0.083333;-0.25;-0.416667;-0.583333;-0.75;-0.916667;-1.08333;-1.25;-1.41667;-1.58333;-1.75;-1.91667;-2.08333;-2.25;-2.41667;2.41667;2.25;2.08333;1.91667;1.75;1.58333;1.41667;1.25;1.08333;0.916667;0.75;0.583333;0.416667;0.25;0.083333;-0.083333;-0.25;-0.416667;-0.583333;-0.75;-0.916667;-1.08333;-1.25;-1.41667;-1.58333;-1.75;-1.91667;-2.08333;-2.25;-2.41667;2.41667;2.25;2.08333;1.91667;1.75;1.58333;1.41667;1.25;1.08333;0.916667;0.75;0.583333;0.416667;0.25;0.083333;-0.083333;-0.25;-0.416667;-0.583333;-0.75;-0.916667;-1.08333;-1.25;-1.41667;-1.58333;-1.75;-1.91667;-2.08333;-2.25;-2.41667;2.41667;2.25;2.08333;1.91667;1.75;1.58333;1.41667;1.25;1.08333;0.916667;0.75;0.583333;0.416667;0.25;0.083333;-0.083333;-0.25;-0.416667;-0.583333;-0.75;-0.916667;-1.08333;-1.25;-1.41667;-1.58333;-1.75;-1.91667;-2.08333;-2.25;-2.41667;2.41667;2.25;2.08333;1.91667;1.75;1.58333;1.41667;1.25;1.08333;0.916667;0.75;0.583333;0.416667;0.25;0.083333;-0.083333;-0.25;-0.416667;-0.583333;-0.75;-0.916667;-1.08333;-1.25;-1.41667;-1.58333;-1.75;-1.91667;-2.08333;-2.25;-2.41667;2.41667;2.25;2.08333;1.91667;1.75;1.58333;1.41667;1.25;1.08333;0.916667;0.75;0.583333;0.416667;0.25;0.083333;-0.083333;-0.25;-0.416667;-0.583333;-0.75;-0.916667;-1.08333;-1.25;-1.41667;-1.58333;-1.75;-1.91667;-2.08333;-2.25;-2.41667;2.41667;2.25;2.08333;1.91667;1.75;1.58333;1.41667;1.25;1.08333;0.916667;0.75;0.583333;0.416667;0.25;0.083333;-0.083333;-0.25;-0.416667;-0.583333;-0.75;-0.916667;-1.08333;-1.25;-1.41667;-1.58333;-1.75;-1.91667;-2.08333;-2.25;-2.41667;2.41667;2.25;2.08333;1.91667;1.75;1.58333;1.41667;1.25;1.08333;0.916667;0.75;0.583333;0.416667;0.25;0.083333;-0.083333;-0.25;-0.416667;-0.583333;-0.75;-0.916667;-1.08333;-1.25;-1.41667;-1.58333;-1.75;-1.91667;-2.08333;-2.25;-2.41667;2.41667;2.25;2.08333;1.91667;1.75;1.58333;1.41667;1.25;1.08333;0.916667;0.75;0.583333;0.416667;0.25;0.083333;-0.083333;-0.25;-0.416667;-0.583333;-0.75;-0.916667;-1.08333;-1.25;-1.41667;-1.58333;-1.75;-1.91667;-2.08333;-2.25;-2.41667;2.41667;2.25;2.08333;1.91667;1.75;1.58333;1.41667;1.25;1.08333;0.916667;0.75;0.583333;0.416667;0.25;0.083333;-0.083333;-0.25;-0.416667;-0.583333;-0.75;-0.916667;-1.08333;-1.25;-1.41667;-1.58333;-1.75;-1.91667;-2.08333;-2.25;-2.41667;2.41667;2.25;2.08333;1.91667;1.75;1.58333;1.41667;1.25;1.08333;0.916667;0.75;0.583333;0.416667;0.25;0.083333;-0.083333;-0.25;-0.416667;-0.583333;-0.75;-0.916667;-1.08333;-1.25;-1.41667;-1.58333;-1.75;-1.91667;-2.08333;-2.25;-2.41667;2.41667;2.25;2.08333;1.91667;1.75;1.58333;1.41667;1.25;1.08333;0.916667;0.75;0.583333;0.416667;0.25;0.083333;-0.083333;-0.25;-0.416667;-0.583333;-0.75;-0.916667;-1.08333;-1.25;-1.41667;-1.58333;-1.75;-1.91667;-2.08333;-2.25;-2.41667;2.41667;2.25;2.08333;1.91667;1.75;1.58333;1.41667;1.25;1.08333;0.916667;0.75;0.583333;0.416667;0.25;0.083333;-0.083333;-0.25;-0.416667;-0.583333;-0.75;-0.916667;-1.08333;-1.25;-1.41667;-1.58333;-1.75;-1.91667;-2.08333;-2.25;-2.41667;2.41667;2.25;2.08333;1.91667;1.75;1.58333;1.41667;1.25;1.08333;0.916667;0.75;0.583333;0.416667;0.25;0.083333;-0.083333;-0.25;-0.416667;-0.583333;-0.75;-0.916667;-1.08333;-1.25;-1.41667;-1.58333;-1.75;-1.91667;-2.08333;-2.25;-2.41667;2.41667;2.25;2.08333;1.91667;1.75;1.58333;1.41667;1.25;1.08333;0.916667;0.75;0.583333;0.416667;0.25;0.083333;-0.083333;-0.25;-0.416667;-0.583333;-0.75;-0.916667;-1.08333;-1.25;-1.41667;-1.58333;-1.75;-1.91667;-2.08333;-2.25;-2.41667;2.41667;2.25;2.08333;1.91667;1.75;1.58333;1.41667;1.25;1.08333;0.916667;0.75;0.583333;0.416667;0.25;0.083333;-0.083333;-0.25;-0.416667;-0.583333;-0.75;-0.916667;-1.08333;-1.25;-1.41667;-1.58333;-1.75;-1.91667;-2.08333;-2.25;-2.41667;2.41667;2.25;2.08333;1.91667;1.75;1.58333;1.41667;1.25;1.08333;0.916667;0.75;0.583333;0.416667;0.25;0.083333;-0.083333;-0.25;-0.416667;-0.583333;-0.75;-0.916667;-1.08333;-1.25;-1.41667;-1.58333;-1.75;-1.91667;-2.08333;-2.25;-2.41667;2.41667;2.25;2.08333;1.91667;1.75;1.58333;1.41667;1.25;1.08333;0.916667;0.75;0.583333;0.416667;0.25;0.083333;-0.083333;-0.25;-0.416667;-0.583333;-0.75;-0.916667;-1.08333;-1.25;-1.41667;-1.58333;-1.75;-1.91667;-2.08333;-2.25;-2.41667;2.41667;2.25;2.08333;1.91667;1.75;1.58333;1.41667;1.25;1.08333;0.916667;0.75;0.583333;0.416667;0.25;0.083333;-0.083333;-0.25;-0.416667;-0.583333;-0.75;-0.916667;-1.08333;-1.25;-1.41667;-1.58333;-1.75;-1.91667;-2.08333;-2.25;-2.41667;2.41667;2.25;2.08333;1.91667;1.75;1.58333;1.41667;1.25;1.08333;0.916667;0.75;0.583333;0.416667;0.25;0.083333;-0.083333;-0.25;-0.416667;-0.583333;-0.75;-0.916667;-1.08333;-1.25;-1.41667;-1.58333;-1.75;-1.91667;-2.08333;-2.25;-2.41667;2.41667;2.25;2.08333;1.91667;1.75;1.58333;1.41667;1.25;1.08333;0.916667;0.75;0.583333;0.416667;0.25;0.083333;-0.083333;-0.25;-0.416667;-0.583333;-0.75;-0.916667;-1.08333;-1.25;-1.41667;-1.58333;-1.75;-1.91667;-2.08333;-2.25;-2.41667;2.41667;2.25;2.08333;1.91667;1.75;1.58333;1.41667;1.25;1.08333;0.916667;0.75;0.583333;0.416667;0.25;0.083333;-0.083333;-0.25;-0.416667;-0.583333;-0.75;-0.916667;-1.08333;-1.25;-1.41667;-1.58333;-1.75;-1.91667;-2.08333;-2.25;-2.41667;2.41667;2.25;2.08333;1.91667;1.75;1.58333;1.41667;1.25;1.08333;0.916667;0.75;0.583333;0.416667;0.25;0.083333;-0.083333;-0.25;-0.416667;-0.583333;-0.75;-0.916667;-1.08333;-1.25;-1.41667;-1.58333;-1.75;-1.91667;-2.08333;-2.25;-2.41667;2.41667;2.25;2.08333;1.91667;1.75;1.58333;1.41667;1.25;1.08333;0.916667;0.75;0.583333;0.416667;0.25;0.083333;-0.083333;-0.25;-0.416667;-0.583333;-0.75;-0.916667;-1.08333;-1.25;-1.41667;-1.58333;-1.75;-1.91667;-2.08333;-2.25;-2.41667;2.41667;2.25;2.08333;1.91667;1.75;1.58333;1.41667;1.25;1.08333;0.916667;0.75;0.583333;0.416667;0.25;0.083333;-0.083333;-0.25;-0.416667;-0.583333;-0.75;-0.916667;-1.08333;-1.25;-1.41667;-1.58333;-1.75;-1.91667;-2.08333;-2.25;-2.41667;2.41667;2.25;2.08333;1.91667;1.75;1.58333;1.41667;1.25;1.08333;0.916667;0.75;0.583333;0.416667;0.25;0.083333;-0.083333;-0.25;-0.416667;-0.583333;-0.75;-0.916667;-1.08333;-1.25;-1.41667;-1.58333;-1.75;-1.91667;-2.08333;-2.25;-2.41667;2.41667;2.25;2.08333;1.91667;1.75;1.58333;1.41667;1.25;1.08333;0.916667;0.75;0.583333;0.416667;0.25;0.083333;-0.083333;-0.25;-0.416667;-0.583333;-0.75;-0.916667;-1.08333;-1.25;-1.41667;-1.58333;-1.75;-1.91667;-2.08333;-2.25;-2.41667;2.41667;2.25;2.08333;1.91667;1.75;1.58333;1.41667;1.25;1.08333;0.916667;0.75;0.583333;0.416667;0.25;0.083333;-0.083333;-0.25;-0.416667;-0.583333;-0.75;-0.916667;-1.08333;-1.25;-1.41667;-1.58333;-1.75;-1.91667;-2.08333;-2.25;-2.41667
 ;PosZ [m]:;8.83333;8.83333;8.83333;8.83333;8.83333;8.83333;8.83333;8.83333;8.83333;8.83333;8.83333;8.83333;8.83333;8.83333;8.83333;8.83333;8.83333;8.83333;8.83333;8.83333;8.83333;8.83333;8.83333;8.83333;8.83333;8.83333;8.83333;8.83333;8.83333;8.83333;9;9;9;9;9;9;9;9;9;9;9;9;9;9;9;9;9;9;9;9;9;9;9;9;9;9;9;9;9;9;9.16667;9.16667;9.16667;9.16667;9.16667;9.16667;9.16667;9.16667;9.16667;9.16667;9.16667;9.16667;9.16667;9.16667;9.16667;9.16667;9.16667;9.16667;9.16667;9.16667;9.16667;9.16667;9.16667;9.16667;9.16667;9.16667;9.16667;9.16667;9.16667;9.16667;9.33333;9.33333;9.33333;9.33333;9.33333;9.33333;9.33333;9.33333;9.33333;9.33333;9.33333;9.33333;9.33333;9.33333;9.33333;9.33333;9.33333;9.33333;9.33333;9.33333;9.33333;9.33333;9.33333;9.33333;9.33333;9.33333;9.33333;9.33333;9.33333;9.33333;9.5;9.5;9.5;9.5;9.5;9.5;9.5;9.5;9.5;9.5;9.5;9.5;9.5;9.5;9.5;9.5;9.5;9.5;9.5;9.5;9.5;9.5;9.5;9.5;9.5;9.5;9.5;9.5;9.5;9.5;9.66667;9.66667;9.66667;9.66667;9.66667;9.66667;9.66667;9.66667;9.66667;9.66667;9.66667;9.66667;9.66667;9.66667;9.66667;9.66667;9.66667;9.66667;9.66667;9.66667;9.66667;9.66667;9.66667;9.66667;9.66667;9.66667;9.66667;9.66667;9.66667;9.66667;9.83333;9.83333;9.83333;9.83333;9.83333;9.83333;9.83333;9.83333;9.83333;9.83333;9.83333;9.83333;9.83333;9.83333;9.83333;9.83333;9.83333;9.83333;9.83333;9.83333;9.83333;9.83333;9.83333;9.83333;9.83333;9.83333;9.83333;9.83333;9.83333;9.83333;10;10;10;10;10;10;10;10;10;10;10;10;10;10;10;10;10;10;10;10;10;10;10;10;10;10;10;10;10;10;10.1667;10.1667;10.1667;10.1667;10.1667;10.1667;10.1667;10.1667;10.1667;10.1667;10.1667;10.1667;10.1667;10.1667;10.1667;10.1667;10.1667;10.1667;10.1667;10.1667;10.1667;10.1667;10.1667;10.1667;10.1667;10.1667;10.1667;10.1667;10.1667;10.1667;10.3333;10.3333;10.3333;10.3333;10.3333;10.3333;10.3333;10.3333;10.3333;10.3333;10.3333;10.3333;10.3333;10.3333;10.3333;10.3333;10.3333;10.3333;10.3333;10.3333;10.3333;10.3333;10.3333;10.3333;10.3333;10.3333;10.3333;10.3333;10.3333;10.3333;10.5;10.5;10.5;10.5;10.5;10.5;10.5;10.5;10.5;10.5;10.5;10.5;10.5;10.5;10.5;10.5;10.5;10.5;10.5;10.5;10.5;10.5;10.5;10.5;10.5;10.5;10.5;10.5;10.5;10.5;10.6667;10.6667;10.6667;10.6667;10.6667;10.6667;10.6667;10.6667;10.6667;10.6667;10.6667;10.6667;10.6667;10.6667;10.6667;10.6667;10.6667;10.6667;10.6667;10.6667;10.6667;10.6667;10.6667;10.6667;10.6667;10.6667;10.6667;10.6667;10.6667;10.6667;10.8333;10.8333;10.8333;10.8333;10.8333;10.8333;10.8333;10.8333;10.8333;10.8333;10.8333;10.8333;10.8333;10.8333;10.8333;10.8333;10.8333;10.8333;10.8333;10.8333;10.8333;10.8333;10.8333;10.8333;10.8333;10.8333;10.8333;10.8333;10.8333;10.8333;11;11;11;11;11;11;11;11;11;11;11;11;11;11;11;11;11;11;11;11;11;11;11;11;11;11;11;11;11;11;11.1667;11.1667;11.1667;11.1667;11.1667;11.1667;11.1667;11.1667;11.1667;11.1667;11.1667;11.1667;11.1667;11.1667;11.1667;11.1667;11.1667;11.1667;11.1667;11.1667;11.1667;11.1667;11.1667;11.1667;11.1667;11.1667;11.1667;11.1667;11.1667;11.1667;11.3333;11.3333;11.3333;11.3333;11.3333;11.3333;11.3333;11.3333;11.3333;11.3333;11.3333;11.3333;11.3333;11.3333;11.3333;11.3333;11.3333;11.3333;11.3333;11.3333;11.3333;11.3333;11.3333;11.3333;11.3333;11.3333;11.3333;11.3333;11.3333;11.3333;11.5;11.5;11.5;11.5;11.5;11.5;11.5;11.5;11.5;11.5;11.5;11.5;11.5;11.5;11.5;11.5;11.5;11.5;11.5;11.5;11.5;11.5;11.5;11.5;11.5;11.5;11.5;11.5;11.5;11.5;11.6667;11.6667;11.6667;11.6667;11.6667;11.6667;11.6667;11.6667;11.6667;11.6667;11.6667;11.6667;11.6667;11.6667;11.6667;11.6667;11.6667;11.6667;11.6667;11.6667;11.6667;11.6667;11.6667;11.6667;11.6667;11.6667;11.6667;11.6667;11.6667;11.6667;11.8333;11.8333;11.8333;11.8333;11.8333;11.8333;11.8333;11.8333;11.8333;11.8333;11.8333;11.8333;11.8333;11.8333;11.8333;11.8333;11.8333;11.8333;11.8333;11.8333;11.8333;11.8333;11.8333;11.8333;11.8333;11.8333;11.8333;11.8333;11.8333;11.8333;12;12;12;12;12;12;12;12;12;12;12;12;12;12;12;12;12;12;12;12;12;12;12;12;12;12;12;12;12;12;12.1667;12.1667;12.1667;12.1667;12.1667;12.1667;12.1667;12.1667;12.1667;12.1667;12.1667;12.1667;12.1667;12.1667;12.1667;12.1667;12.1667;12.1667;12.1667;12.1667;12.1667;12.1667;12.1667;12.1667;12.1667;12.1667;12.1667;12.1667;12.1667;12.1667;12.3333;12.3333;12.3333;12.3333;12.3333;12.3333;12.3333;12.3333;12.3333;12.3333;12.3333;12.3333;12.3333;12.3333;12.3333;12.3333;12.3333;12.3333;12.3333;12.3333;12.3333;12.3333;12.3333;12.3333;12.3333;12.3333;12.3333;12.3333;12.3333;12.3333;12.5;12.5;12.5;12.5;12.5;12.5;12.5;12.5;12.5;12.5;12.5;12.5;12.5;12.5;12.5;12.5;12.5;12.5;12.5;12.5;12.5;12.5;12.5;12.5;12.5;12.5;12.5;12.5;12.5;12.5;12.6667;12.6667;12.6667;12.6667;12.6667;12.6667;12.6667;12.6667;12.6667;12.6667;12.6667;12.6667;12.6667;12.6667;12.6667;12.6667;12.6667;12.6667;12.6667;12.6667;12.6667;12.6667;12.6667;12.6667;12.6667;12.6667;12.6667;12.6667;12.6667;12.6667;12.8333;12.8333;12.8333;12.8333;12.8333;12.8333;12.8333;12.8333;12.8333;12.8333;12.8333;12.8333;12.8333;12.8333;12.8333;12.8333;12.8333;12.8333;12.8333;12.8333;12.8333;12.8333;12.8333;12.8333;12.8333;12.8333;12.8333;12.8333;12.8333;12.8333;13;13;13;13;13;13;13;13;13;13;13;13;13;13;13;13;13;13;13;13;13;13;13;13;13;13;13;13;13;13;13.1667;13.1667;13.1667;13.1667;13.1667;13.1667;13.1667;13.1667;13.1667;13.1667;13.1667;13.1667;13.1667;13.1667;13.1667;13.1667;13.1667;13.1667;13.1667;13.1667;13.1667;13.1667;13.1667;13.1667;13.1667;13.1667;13.1667;13.1667;13.1667;13.1667;13.3333;13.3333;13.3333;13.3333;13.3333;13.3333;13.3333;13.3333;13.3333;13.3333;13.3333;13.3333;13.3333;13.3333;13.3333;13.3333;13.3333;13.3333;13.3333;13.3333;13.3333;13.3333;13.3333;13.3333;13.3333;13.3333;13.3333;13.3333;13.3333;13.3333;13.5;13.5;13.5;13.5;13.5;13.5;13.5;13.5;13.5;13.5;13.5;13.5;13.5;13.5;13.5;13.5;13.5;13.5;13.5;13.5;13.5;13.5;13.5;13.5;13.5;13.5;13.5;13.5;13.5;13.5;13.6667;13.6667;13.6667;13.6667;13.6667;13.6667;13.6667;13.6667;13.6667;13.6667;13.6667;13.6667;13.6667;13.6667;13.6667;13.6667;13.6667;13.6667;13.6667;13.6667;13.6667;13.6667;13.6667;13.6667;13.6667;13.6667;13.6667;13.6667;13.6667;13.6667
Part;Time [s];Press_0 [Pa];Press_1 [Pa];Press_2 [Pa];Press_3 [Pa];Press_4 [Pa];Press_5 [Pa];Press_6 [Pa];Press_7 [Pa];Press_8 [Pa];Press_9 [Pa];Press_10 [Pa];Press_11 [Pa];Press_12 [Pa];Press_13 [Pa];Press_14 [Pa];Press_15 [Pa];Press_16 [Pa];Press_17 [Pa];Press_18 [Pa];Press_19 [Pa];Press_20 [Pa];Press_21 [Pa];Press_22 [Pa];Press_23 [Pa];Press_24 [Pa];Press_25 [Pa];Press_26 [Pa];Press_27 [Pa];Press_28 [Pa];Press_29 [Pa];Press_30 [Pa];Press_31 [Pa];Press_32 [Pa];Press_33 [Pa];Press_34 [Pa];Press_35 [Pa];Press_36 [Pa];Press_37 [Pa];Press_38 [Pa];Press_39 [Pa];Press_40 [Pa];Press_41 [Pa];Press_42 [Pa];Press_43 [Pa];Press_44 [Pa];Press_45 [Pa];Press_46 [Pa];Press_47 [Pa];Press_48 [Pa];Press_49 [Pa];Press_50 [Pa];Press_51 [Pa];Press_52 [Pa];Press_53 [Pa];Press_54 [Pa];Press_55 [Pa];Press_56 [Pa];Press_57 [Pa];Press_58 [Pa];Press_59 [Pa];Press_60 [Pa];Press_61 [Pa];Press_62 [Pa];Press_63 [Pa];Press_64 [Pa];Press_65 [Pa];Press_66 [Pa];Press_67 [Pa];Press_68 [Pa];Press_69 [Pa];Press_70 [Pa];Press_71 [Pa];Press_72 [Pa];Press_73 [Pa];Press_74 [Pa];Press_75 [Pa];Press_76 [Pa];Press_77 [Pa];Press_78 [Pa];Press_79 [Pa];Press_80 [Pa];Press_81 [Pa];Press_82 [Pa];Press_83 [Pa];Press_84 [Pa];Press_85 [Pa];Press_86 [Pa];Press_87 [Pa];Press_88 [Pa];Press_89 [Pa];Press_90 [Pa];Press_91 [Pa];Press_92 [Pa];Press_93 [Pa];Press_94 [Pa];Press_95 [Pa];Press_96 [Pa];Press_97 [Pa];Press_98 [Pa];Press_99 [Pa];Press_100 [Pa];Press_101 [Pa];Press_102 [Pa];Press_103 [Pa];Press_104 [Pa];Press_105 [Pa];Press_106 [Pa];Press_107 [Pa];Press_108 [Pa];Press_109 [Pa];Press_110 [Pa];Press_111 [Pa];Press_112 [Pa];Press_113 [Pa];Press_114 [Pa];Press_115 [Pa];Press_116 [Pa];Press_117 [Pa];Press_118 [Pa];Press_119 [Pa];Press_120 [Pa];Press_121 [Pa];Press_122 [Pa];Press_123 [Pa];Press_124 [Pa];Press_125 [Pa];Press_126 [Pa];Press_127 [Pa];Press_128 [Pa];Press_129 [Pa];Press_130 [Pa];Press_131 [Pa];Press_132 [Pa];Press_133 [Pa];Press_134 [Pa];Press_135 [Pa];Press_136 [Pa];Press_137 [Pa];Press_138 [Pa];Press_139 [Pa];Press_140 [Pa];Press_141 [Pa];Press_142 [Pa];Press_143 [Pa];Press_144 [Pa];Press_145 [Pa];Press_146 [Pa];Press_147 [Pa];Press_148 [Pa];Press_149 [Pa];Press_150 [Pa];Press_151 [Pa];Press_152 [Pa];Press_153 [Pa];Press_154 [Pa];Press_155 [Pa];Press_156 [Pa];Press_157 [Pa];Press_158 [Pa];Press_159 [Pa];Press_160 [Pa];Press_161 [Pa];Press_162 [Pa];Press_163 [Pa];Press_164 [Pa];Press_165 [Pa];Press_166 [Pa];Press_167 [Pa];Press_168 [Pa];Press_169 [Pa];Press_170 [Pa];Press_171 [Pa];Press_172 [Pa];Press_173 [Pa];Press_174 [Pa];Press_175 [Pa];Press_176 [Pa];Press_177 [Pa];Press_178 [Pa];Press_179 [Pa];Press_180 [Pa];Press_181 [Pa];Press_182 [Pa];Press_183 [Pa];Press_184 [Pa];Press_185 [Pa];Press_186 [Pa];Press_187 [Pa];Press_188 [Pa];Press_189 [Pa];Press_190 [Pa];Press_191 [Pa];Press_192 [Pa];Press_193 [Pa];Press_194 [Pa];Press_195 [Pa];Press_196 [Pa];Press_197 [Pa];Press_198 [Pa];Press_199 [Pa];Press_200 [Pa];Press_201 [Pa];Press_202 [Pa];Press_203 [Pa];Press_204 [Pa];Press_205 [Pa];Press_206 [Pa];Press_207 [Pa];Press_208 [Pa];Press_209 [Pa];Press_210 [Pa];Press_211 [Pa];Press_212 [Pa];Press_213 [Pa];Press_214 [Pa];Press_215 [Pa];Press_216 [Pa];Press_217 [Pa];Press_218 [Pa];Press_219 [Pa];Press_220 [Pa];Press_221 [Pa];Press_222 [Pa];Press_223 [Pa];Press_224 [Pa];Press_225 [Pa];Press_226 [Pa];Press_227 [Pa];Press_228 [Pa];Press_229 [Pa];Press_230 [Pa];Press_231 [Pa];Press_232 [Pa];Press_233 [Pa];Press_234 [Pa];Press_235 [Pa];Press_236 [Pa];Press_237 [Pa];Press_238 [Pa];Press_239 [Pa];Press_240 [Pa];Press_241 [Pa];Press_242 [Pa];Press_243 [Pa];Press_244 [Pa];Press_245 [Pa];Press_246 [Pa];Press_247 [Pa];Press_248 [Pa];Press_249 [Pa];Press_250 [Pa];Press_251 [Pa];Press_252 [Pa];Press_253 [Pa];Press_254 [Pa];Press_255 [Pa];Press_256 [Pa];Press_257 [Pa];Press_258 [Pa];Press_259 [Pa];Press_260 [Pa];Press_261 [Pa];Press_262 [Pa];Press_263 [Pa];Press_264 [Pa];Press_265 [Pa];Press_266 [Pa];Press_267 [Pa];Press_268 [Pa];Press_269 [Pa];Press_270 [Pa];Press_271 [Pa];Press_272 [Pa];Press_273 [Pa];Press_274 [Pa];Press_275 [Pa];Press_276 [Pa];Press_277 [Pa];Press_278 [Pa];Press_279 [Pa];Press_280 [Pa];Press_281 [Pa];Press_282 [Pa];Press_283 [Pa];Press_284 [Pa];Press_285 [Pa];Press_286 [Pa];Press_287 [Pa];Press_288 [Pa];Press_289 [Pa];Press_290 [Pa];Press_291 [Pa];Press_292 [Pa];Press_293 [Pa];Press_294 [Pa];Press_295 [Pa];Press_296 [Pa];Press_297 [Pa];Press_298 [Pa];Press_299 [Pa];Press_300 [Pa];Press_301 [Pa];Press_302 [Pa];Press_303 [Pa];Press_304 [Pa];Press_305 [Pa];Press_306 [Pa];Press_307 [Pa];Press_308 [Pa];Press_309 [Pa];Press_310 [Pa];Press_311 [Pa];Press_312 [Pa];Press_313 [Pa];Press_314 [Pa];Press_315 [Pa];Press_316 [Pa];Press_317 [Pa];Press_318 [Pa];Press_319 [Pa];Press_320 [Pa];Press_321 [Pa];Press_322 [Pa];Press_323 [Pa];Press_324 [Pa];Press_325 [Pa];Press_326 [Pa];Press_327 [Pa];Press_328 [Pa];Press_329 [Pa];Press_330 [Pa];Press_331 [Pa];Press_332 [Pa];Press_333 [Pa];Press_334 [Pa];Press_335 [Pa];Press_336 [Pa];Press_337 [Pa];Press_338 [Pa];Press_339 [Pa];Press_340 [Pa];Press_341 [Pa];Press_342 [Pa];Press_343 [Pa];Press_344 [Pa];Press_345 [Pa];Press_346 [Pa];Press_347 [Pa];Press_348 [Pa];Press_349 [Pa];Press_350 [Pa];Press_351 [Pa];Press_352 [Pa];Press_353 [Pa];Press_354 [Pa];Press_355 [Pa];Press_356 [Pa];Press_357 [Pa];Press_358 [Pa];Press_359 [Pa];Press_360 [Pa];Press_361 [Pa];Press_362 [Pa];Press_363 [Pa];Press_364 [Pa];Press_365 [Pa];Press_366 [Pa];Press_367 [Pa];Press_368 [Pa];Press_369 [Pa];Press_370 [Pa];Press_371 [Pa];Press_372 [Pa];Press_373 [Pa];Press_374 [Pa];Press_375 [Pa];Press_376 [Pa];Press_377 [Pa];Press_378 [Pa];Press_379 [Pa];Press_380 [Pa];Press_381 [Pa];Press_382 [Pa];Press_383 [Pa];Press_384 [Pa];Press_385 [Pa];Press_386 [Pa];Press_387 [Pa];Press_388 [Pa];Press_389 [Pa];Press_390 [Pa];Press_391 [Pa];Press_392 [Pa];Press_393 [Pa];Press_394 [Pa];Press_395 [Pa];Press_396 [Pa];Press_397 [Pa];Press_398 [Pa];Press_399 [Pa];Press_400 [Pa];Press_401 [Pa];Press_402 [Pa];Press_403 [Pa];Press_404 [Pa];Press_405 [Pa];Press_406 [Pa];Press_407 [Pa];Press_408 [Pa];Press_409 [Pa];Press_410 [Pa];Press_411 [Pa];Press_412 [Pa];Press_413 [Pa];Press_414 [Pa];Press_415 [Pa];Press_416 [Pa];Press_417 [Pa];Press_418 [Pa];Press_419 [Pa];Press_420 [Pa];Press_421 [Pa];Press_422 [Pa];Press_423 [Pa];Press_424 [Pa];Press_425 [Pa];Press_426 [Pa];Press_427 [Pa];Press_428 [Pa];Press_429 [Pa];Press_430 [Pa];Press_431 [Pa];Press_432 [Pa];Press_433 [Pa];Press_434 [Pa];Press_435 [Pa];Press_436 [Pa];Press_437 [Pa];Press_438 [Pa];Press_439 [Pa];Press_440 [Pa];Press_441 [Pa];Press_442 [Pa];Press_443 [Pa];Press_444 [Pa];Press_445 [Pa];Press_446 [Pa];Press_447 [Pa];Press_448 [Pa];Press_449 [Pa];Press_450 [Pa];Press_451 [Pa];Press_452 [Pa];Press_453 [Pa];Press_454 [Pa];Press_455 [Pa];Press_456 [Pa];Press_457 [Pa];Press_458 [Pa];Press_459 [Pa];Press_460 [Pa];Press_461 [Pa];Press_462 [Pa];Press_463 [Pa];Press_464 [Pa];Press_465 [Pa];Press_466 [Pa];Press_467 [Pa];Press_468 [Pa];Press_469 [Pa];Press_470 [Pa];Press_471 [Pa];Press_472 [Pa];Press_473 [Pa];Press_474 [Pa];Press_475 [Pa];Press_476 [Pa];Press_477 [Pa];Press_478 [Pa];Press_479 [Pa];Press_480 [Pa];Press_481 [Pa];Press_482 [Pa];Press_483 [Pa];Press_484 [Pa];Press_485 [Pa];Press_486 [Pa];Press_487 [Pa];Press_488 [Pa];Press_489 [Pa];Press_490 [Pa];Press_491 [Pa];Press_492 [Pa];Press_493 [Pa];Press_494 [Pa];Press_495 [Pa];Press_496 [Pa];Press_497 [Pa];Press_498 [Pa];Press_499 [Pa];Press_500 [Pa];Press_501 [Pa];Press_502 [Pa];Press_503 [Pa];Press_504 [Pa];Press_505 [Pa];Press_506 [Pa];Press_507 [Pa];Press_508 [Pa];Press_509 [Pa];Press_510 [Pa];Press_511 [Pa];Press_512 [Pa];Press_513 [Pa];Press_514 [Pa];Press_515 [Pa];Press_516 [Pa];Press_517 [Pa];Press_518 [Pa];Press_519 [Pa];Press_520 [Pa];Press_521 [Pa];Press_522 [Pa];Press_523 [Pa];Press_524 [Pa];Press_525 [Pa];Press_526 [Pa];Press_527 [Pa];Press_528 [Pa];Press_529 [Pa];Press_530 [Pa];Press_531 [Pa];Press_532 [Pa];Press_533 [Pa];Press_534 [Pa];Press_535 [Pa];Press_536 [Pa];Press_537 [Pa];Press_538 [Pa];Press_539 [Pa];Press_540 [Pa];Press_541 [Pa];Press_542 [Pa];Press_543 [Pa];Press_544 [Pa];Press_545 [Pa];Press_546 [Pa];Press_547 [Pa];Press_548 [Pa];Press_549 [Pa];Press_550 [Pa];Press_551 [Pa];Press_552 [Pa];Press_553 [Pa];Press_554 [Pa];Press_555 [Pa];Press_556 [Pa];Press_557 [Pa];Press_558 [Pa];Press_559 [Pa];Press_560 [Pa];Press_561 [Pa];Press_562 [Pa];Press_563 [Pa];Press_564 [Pa];Press_565 [Pa];Press_566 [Pa];Press_567 [Pa];Press_568 [Pa];Press_569 [Pa];Press_570 [Pa];Press_571 [Pa];Press_572 [Pa];Press_573 [Pa];Press_574 [Pa];Press_575 [Pa];Press_576 [Pa];Press_577 [Pa];Press_578 [Pa];Press_579 [Pa];Press_580 [Pa];Press_581 [Pa];Press_582 [Pa];Press_583 [Pa];Press_584 [Pa];Press_585 [Pa];Press_586 [Pa];Press_587 [Pa];Press_588 [Pa];Press_589 [Pa];Press_590 [Pa];Press_591 [Pa];Press_592 [Pa];Press_593 [Pa];Press_594 [Pa];Press_595 [Pa];Press_596 [Pa];Press_597 [Pa];Press_598 [Pa];Press_599 [Pa];Press_600 [Pa];Press_601 [Pa];Press_602 [Pa];Press_603 [Pa];Press_604 [Pa];Press_605 [Pa];Press_606 [Pa];Press_607 [Pa];Press_608 [Pa];Press_609 [Pa];Press_610 [Pa];Press_611 [Pa];Press_612 [Pa];Press_613 [Pa];Press_614 [Pa];Press_615 [Pa];Press_616 [Pa];Press_617 [Pa];Press_618 [Pa];Press_619 [Pa];Press_620 [Pa];Press_621 [Pa];Press_622 [Pa];Press_623 [Pa];Press_624 [Pa];Press_625 [Pa];Press_626 [Pa];Press_627 [Pa];Press_628 [Pa];Press_629 [Pa];Press_630 [Pa];Press_631 [Pa];Press_632 [Pa];Press_633 [Pa];Press_634 [Pa];Press_635 [Pa];Press_636 [Pa];Press_637 [Pa];Press_638 [Pa];Press_639 [Pa];Press_640 [Pa];Press_641 [Pa];Press_642 [Pa];Press_643 [Pa];Press_644 [Pa];Press_645 [Pa];Press_646 [Pa];Press_647 [Pa];Press_648 [Pa];Press_649 [Pa];Press_650 [Pa];Press_651 [Pa];Press_652 [Pa];Press_653 [Pa];Press_654 [Pa];Press_655 [Pa];Press_656 [Pa];Press_657 [Pa];Press_658 [Pa];Press_659 [Pa];Press_660 [Pa];Press_661 [Pa];Press_662 [Pa];Press_663 [Pa];Press_664 [Pa];Press_665 [Pa];Press_666 [Pa];Press_667 [Pa];Press_668 [Pa];Press_669 [Pa];Press_670 [Pa];Press_671 [Pa];Press_672 [Pa];Press_673 [Pa];Press_674 [Pa];Press_675 [Pa];Press_676 [Pa];Press_677 [Pa];Press_678 [Pa];Press_679 [Pa];Press_680 [Pa];Press_681 [Pa];Press_682 [Pa];Press_683 [Pa];Press_684 [Pa];Press_685 [Pa];Press_686 [Pa];Press_687 [Pa];Press_688 [Pa];Press_689 [Pa];Press_690 [Pa];Press_691 [Pa];Press_692 [Pa];Press_693 [Pa];Press_694 [Pa];Press_695 [Pa];Press_696 [Pa];Press_697 [Pa];Press_698 [Pa];Press_699 [Pa];Press_700 [Pa];Press_701 [Pa];Press_702 [Pa];Press_703 [Pa];Press_704 [Pa];Press_705 [Pa];Press_706 [Pa];Press_707 [Pa];Press_708 [Pa];Press_709 [Pa];Press_710 [Pa];Press_711 [Pa];Press_712 [Pa];Press_713 [Pa];Press_714 [Pa];Press_715 [Pa];Press_716 [Pa];Press_717 [Pa];Press_718 [Pa];Press_719 [Pa];Press_720 [Pa];Press_721 [Pa];Press_722 [Pa];Press_723 [Pa];Press_724 [Pa];Press_725 [Pa];Press_726 [Pa];Press_727 [Pa];Press_728 [Pa];Press_729 [Pa];Press_730 [Pa];Press_731 [Pa];Press_732 [Pa];Press_733 [Pa];Press_734 [Pa];Press_735 [Pa];Press_736 [Pa];Press_737 [Pa];Press_738 [Pa];Press_739 [Pa];Press_740 [Pa];Press_741 [Pa];Press_742 [Pa];Press_743 [Pa];Press_744 [Pa];Press_745 [Pa];Press_746 [Pa];Press_747 [Pa];Press_748 [Pa];Press_749 [Pa];Press_750 [Pa];Press_751 [Pa];Press_752 [Pa];Press_753 [Pa];Press_754 [Pa];Press_755 [Pa];Press_756 [Pa];Press_757 [Pa];Press_758 [Pa];Press_759 [Pa];Press_760 [Pa];Press_761 [Pa];Press_762 [Pa];Press_763 [Pa];Press_764 [Pa];Press_765 [Pa];Press_766 [Pa];Press_767 [Pa];Press_768 [Pa];Press_769 [Pa];Press_770 [Pa];Press_771 [Pa];Press_772 [Pa];Press_773 [Pa];Press_774 [Pa];Press_775 [Pa];Press_776 [Pa];Press_777 [Pa];Press_778 [Pa];Press_779 [Pa];Press_780 [Pa];Press_781 [Pa];Press_782 [Pa];Press_783 [Pa];Press_784 [Pa];Press_785 [Pa];Press_786 [Pa];Press_787 [Pa];Press_788 [Pa];Press_789 [Pa];Press_790 [Pa];Press_791 [Pa];Press_792 [Pa];Press_793 [Pa];Press_794 [Pa];Press_795 [Pa];Press_796 [Pa];Press_797 [Pa];Press_798 [Pa];Press_799 [Pa];Press_800 [Pa];Press_801 [Pa];Press_802 [Pa];Press_803 [Pa];Press_804 [Pa];Press_805 [Pa];Press_806 [Pa];Press_807 [Pa];Press_808 [Pa];Press_809 [Pa];Press_810 [Pa];Press_811 [Pa];Press_812 [Pa];Press_813 [Pa];Press_814 [Pa];Press_815 [Pa];Press_816 [Pa];Press_817 [Pa];Press_818 [Pa];Press_819 [Pa];Press_820 [Pa];Press_821 [Pa];Press_822 [Pa];Press_823 [Pa];Press_824 [Pa];Press_825 [Pa];Press_826 [Pa];Press_827 [Pa];Press_828 [Pa];Press_829 [Pa];Press_830 [Pa];Press_831 [Pa];Press_832 [Pa];Press_833 [Pa];Press_834 [Pa];Press_835 [Pa];Press_836 [Pa];Press_837 [Pa];Press_838 [Pa];Press_839 [Pa];Press_840 [Pa];Press_841 [Pa];Press_842 [Pa];Press_843 [Pa];Press_844 [Pa];Press_845 [Pa];Press_846 [Pa];Press_847 [Pa];Press_848 [Pa];Press_849 [Pa];Press_850 [Pa];Press_851 [Pa];Press_852 [Pa];Press_853 [Pa];Press_854 [Pa];Press_855 [Pa];Press_856 [Pa];Press_857 [Pa];Press_858 [Pa];Press_859 [Pa];Press_860 [Pa];Press_861 [Pa];Press_862 [Pa];Press_863 [Pa];Press_864 [Pa];Press_865 [Pa];Press_866 [Pa];Press_867 [Pa];Press_868 [Pa];Press_869 [Pa];Press_870 [Pa];Press_871 [Pa];Press_872 [Pa];Press_873 [Pa];Press_874 [Pa];Press_875 [Pa];Press_876 [Pa];Press_877 [Pa];Press_878 [Pa];Press_879 [Pa];Press_880 [Pa];Press_881 [Pa];Press_882 [Pa];Press_883 [Pa];Press_884 [Pa];Press_885 [Pa];Press_886 [Pa];Press_887 [Pa];Press_888 [Pa];Press_889 [Pa];Press_890 [Pa];Press_891 [Pa];Press_892 [Pa];Press_893 [Pa];Press_894 [Pa];Press_895 [Pa];Press_896 [Pa];Press_897 [Pa];Press_898 [Pa];Press_899 [Pa]
0;0;12818.3;12818.3;12818.3;12818.3;12818.3;12818.3;12818.3;12818.3;12818.3;12818.3;12818.3;12818.3;12818.3;12818.3;12818.3;12818.3;12818.3;12818.3;12818.3;12818.3;12818.3;12818.3;12818.3;12818.3;12818.3;12818.3;12818.3;12818.3;12818.3;12818.3;11184;11184;11184;11184;11184;11183.9;11184;11183.9;11183.9;11184;11183.9;11184;11183.9;11184;11184;11184;11184;11183.9;11184;11183.9;11184;11183.9;11183.9;11184;11183.9;11184;11184;11184;11184;11184;9548.42;9548.42;9548.42;9548.42;9548.42;9548.41;9548.42;9548.42;9548.42;9548.42;9548.42;9548.42;9548.42;9548.42;9548.42;9548.42;9548.42;9548.42;9548.42;9548.42;9548.42;9548.42;9548.42;9548.42;9548.41;9548.42;9548.42;9548.42;9548.42;9548.42;7912.85;7912.86;7912.86;7912.88;7912.86;7912.87;7912.85;7912.85;7912.86;7912.86;7912.88;7912.86;7912.87;7912.85;7912.86;7912.86;7912.85;7912.87;7912.86;7912.88;7912.86;7912.86;7912.85;7912.85;7912.87;7912.86;7912.88;7912.86;7912.86;7912.85;6277.7;6277.68;6277.69;6277.66;6277.7;6277.69;6277.69;6277.68;6277.67;6277.69;6277.69;6277.7;6277.67;6277.68;6277.68;6277.68;6277.68;6277.67;6277.7;6277.69;6277.69;6277.67;6277.68;6277.69;6277.69;6277.7;6277.66;6277.69;6277.68;6277.7;4642.92;4642.96;4642.94;4642.96;4642.92;4642.95;4642.95;4642.95;4642.94;4642.93;4642.97;4642.94;4642.95;4642.92;4642.95;4642.95;4642.92;4642.95;4642.94;4642.97;4642.93;4642.94;4642.95;4642.95;4642.95;4642.92;4642.96;4642.94;4642.96;4642.92;3008.56;3008.52;3008.55;3008.54;3008.56;3008.52;3008.55;3008.56;3008.53;3008.54;3008.54;3008.57;3008.52;3008.55;3008.56;3008.56;3008.55;3008.52;3008.57;3008.54;3008.54;3008.53;3008.56;3008.55;3008.52;3008.56;3008.54;3008.55;3008.52;3008.56;1378.71;1378.75;1378.71;1378.73;1378.72;1378.75;1378.71;1378.73;1378.75;1378.7;1378.75;1378.72;1378.72;1378.72;1378.75;1378.75;1378.72;1378.72;1378.72;1378.75;1378.7;1378.75;1378.73;1378.71;1378.75;1378.72;1378.73;1378.71;1378.75;1378.71;273.157;273.239;273.151;273.214;273.2;273.191;273.194;273.21;273.183;273.194;273.225;273.137;273.241;273.165;273.191;273.191;273.165;273.241;273.137;273.225;273.194;273.183;273.21;273.194;273.191;273.2;273.214;273.151;273.239;273.157;0;0;0;0;0;0;0;0;0;0;0;0;0;0;0;0;0;0;0;0;0;0;0;0;0;0;0;0;0;0;0;0;0;0;0;0;0;0;0;0;0;0;0;0;0;0;0;0;0;0;0;0;0;0;0;0;0;0;0;0;0;0;0;0;0;0;0;0;0;0;0;0;0;0;0;0;0;0;0;0;0;0;0;0;0;0;0;0;0;0;0;0;0;0;0;0;0;0;0;0;0;0;0;0;0;0;0;0;0;0;0;0;0;0;0;0;0;0;0;0;0;0;0;0;0;0;0;0;0;0;0;0;0;0;0;0;0;0;0;0;0;0;0;0;0;0;0;0;0;0;0;0;0;0;0;0;0;0;0;0;0;0;0;0;0;0;0;0;0;0;0;0;0;0;0;0;0;0;0;0;0;0;0;0;0;0;0;0;0;0;0;0;0;0;0;0;0;0;0;0;0;0;0;0;0;0;0;0;0;0;0;0;0;0;0;0;0;0;0;0;0;0;0;0;0;0;0;0;0;0;0;0;0;0;0;0;0;0;0;0;0;0;0;0;0;0;0;0;0;0;0;0;0;0;0;0;0;0;0;0;0;0;0;0;0;0;0;0;0;0;0;0;0;0;0;0;0;0;0;0;0;0;0;0;0;0;0;0;0;0;0;0;0;0;0;0;0;0;0;0;0;0;0;0;0;0;0;0;0;0;0;0;0;0;0;0;0;0;0;0;0;0;0;0;0;0;0;0;0;0;0;0;0;0;0;0;0;0;0;0;0;0;0;0;0;0;0;0;0;0;0;0;0;0;0;0;0;0;0;0;0;0;0;0;0;0;0;0;0;0;0;0;0;0;0;0;0;0;0;0;0;0;0;0;0;0;0;0;0;0;0;0;0;0;0;0;0;0;0;0;0;0;0;0;0;0;0;0;0;0;0;0;0;0;0;0;0;0;0;0;0;0;0;0;0;0;0;0;0;0;0;0;0;0;0;0;0;0;0;0;0;0;0;0;0;0;0;0;0;0;0;0;0;0;0;0;0;0;0;0;0;0;0;0;0;0;0;0;0;0;0;0;0;0;0;0;0;0;0;0;0;0;0;0;0;0;0;0;0;0;0;0;0;0;0;0;0;0;0;0;0;0;0;0;0;0;0;0;0;0;0;0;0;0;0;0;0;0;0;0;0;0;0;0;0;0;0;0;0;0;0;0;0;0;0;0;0;0;0;0;0;0;0;0;0;0;0;0;0;0;0;0;0;0;0;0;0;0;0;0;0;0;0;0;0;0;0;0;0;0;0;0;0;0;0;0;0;0;0;0;0;0;0;0;0;0;0;0;0;0;0;0;0;0;0;0;0;0;0;0;0;0;0;0;0;0;0;0;0;0;0;0;0;0;0;0;0;0;0;0;0;0;0;0;0;0;0;0;0;0
